(0) 0 || 108
(1) 1 || 71
(2) 4 || 120
(3) 3 || 195
(4) 4 || 186
(5) 6 || 74
(6) 6 || 141
(7) 7 || 150
(8) 7 || 62
(9) 9 || 80
(10) 11 || 146
(11) 11 || 163
(12) 10 || 81
(13) 13 || 131
(14) 14 || 111
(15) 15 || 100
(16) 16 || 88
(17) 17 || 146
(18) 18 || 182
(19) 19 || 142
(20) 18 || 93
(21) 16 || 89
(22) 22 || 151
(23) 23 || 159
(24) 24 || 136
(25) 25 || 147
(26) 26 || 110
(27) 27 || 157
(28) 27 || 119
(29) 26 || 81
(30) 32 || 87
(31) 31 || 138
(32) 28 || 90
(33) 33 || 90
(34) 34 || 90
(35) 35 || 149
(36) 36 || 155
(37) 37 || 168
(38) 39 || 119
(39) 39 || 190
(40) 35 || 99
(41) 41 || 79
(42) 42 || 95
(43) 43 || 165
(44) 44 || 154
(45) 45 || 108
(46) 46 || 114
(47) 47 || 123
(48) 48 || 200
(49) 55 || 97
(50) 50 || 153
(51) 51 || 104
(52) 48 || 112
(53) 51 || 135
(54) 54 || 116
(55) 55 || 122
(56) 56 || 155
(57) 57 || 89
(58) 57 || 87
(59) 59 || 87
(60) 59 || 122
(61) 60 || 97
(62) 62 || 119
(63) 63 || 165
(64) 64 || 212
(65) 64 || 105
(66) 66 || 125
(67) 67 || 151
(68) 68 || 106
(69) 69 || 96
(70) 70 || 142
(71) 71 || 115
(72) 67 || 81
(73) 73 || 69
(74) 73 || 109
(75) 73 || 64
(76) 76 || 117
(77) 75 || 78
(78) 78 || 58
(79) 79 || 159
(80) 72 || 69
(81) 81 || 61
(82) 82 || 63
(83) 83 || 116
(84) 84 || 41
(85) 85 || 49
(86) 86 || 64
(87) 87 || 100
(88) 88 || 85
(89) 89 || 96
(90) 94 || 40
(91) 91 || 33
(92) 92 || 121
(93) 91 || 12
(94) 94 || 58
(95) 95 || 9
(96) 96 || 41
(97) 89 || 71
(100) 100 || 26
(101) 101 || 28
(104) 104 || 19
(105) 105 || 44
(109) 109 || 12
