[0] 0 107
[1] 11 121
[3] 65 260
[2, 4] 38 224
[5, 6] 2 143
[8, 7] 21 170
[9] 35 188
[12, 10] 85 265
[10, 11] 79 258
[13] 60 191
[14] 56 206
[15] 136 294
[17] 83 240
[21, 16] 151 316
[19] 66 233
[20, 18] 115 297
[23] 93 255
[22] 177 328
[25] 122 287
[24] 103 262
[28, 27] 193 362
[29, 26] 141 302
[32, 28] 204 370
[31] 117 278
[35] 254 422
[30, 32] 216 385
[33] 178 343
[42, 38] 184 371
[38, 39] 177 369
[36] 227 382
[34, 37] 147 315
[40] 268 436
[41] 191 344
[43, 46] 291 503
[47] 261 413
[44] 218 380
[45] 233 397
[50] 275 439
[49] 254 410
[55] 240 410
[54] 296 418
[56] 286 481
