[0] 0 107
[1] 11 121
[3] 65 260
[2, 4] 38 224
[5, 6] 2 143
[8, 7] 21 170
[9] 35 188
[12, 10] 85 265
[10, 11] 79 258
[13] 60 191
[14] 56 206
[15] 136 294
[17] 83 240
[21, 16] 151 316
[19] 66 233
[20, 18] 115 297
[23] 93 255
[22] 177 328
[25] 122 287
[24] 103 262
[28, 27] 193 362
[29, 26] 141 302
[32, 28] 204 370
[31] 117 278
[34] 159 330
[40, 35] 254 422
[30, 32] 216 385
[33] 178 343
[38, 39] 177 369
[36] 227 382
[37] 147 315
[42] 202 390
[43] 293 483
[41] 191 344
[46] 291 503
[47] 261 413
[44] 218 380
[45] 233 397
[53, 51] 306 519
[50] 275 439
[52, 48] 329 529
[49, 55] 240 410
[54] 296 418
[60, 59] 375 558
[58, 57] 353 533
[56] 286 481
[63] 323 488
[62] 408 558
[61, 60] 382 559
[68] 382 554
[69] 372 525
[70] 359 515
[71] 395 573
[65, 64] 316 528
[66] 352 549
[72, 67] 449 647
[76] 483 634
[78] 505 653
[79] 419 578
[80, 72] 458 654
[74, 75, 73] 409 591
[77, 75] 427 616
[85] 544 692
[84] 519 668
[87] 470 658
[86] 533 713
[81] 497 669
[83] 444 590
[82] 444 633
[92] 462 654
[95] 591 745
[90, 94] 503 666
[97, 89] 499 699
[88] 483 651
[93, 91] 567 728
[100] 564 734
[101] 545 720
[96] 535 713
[109] 581 766
[104] 577 754
[105] 556 740
