(0) 0 || 108
(1) 1 || 71
(2) 4 || 120
(3) 3 || 195
(4) 4 || 186
(5) 6 || 74
(6) 6 || 141
(7) 7 || 150
(8) 7 || 62
(9) 9 || 80
(10) 11 || 146
(11) 11 || 163
(12) 10 || 81
(13) 13 || 131
(14) 14 || 111
(15) 15 || 100
(16) 16 || 72
(17) 17 || 146
(18) 18 || 182
(19) 19 || 142
(20) 18 || 93
(21) 16 || 74
(22) 22 || 123
(23) 23 || 159
(24) 24 || 136
(25) 25 || 147
(26) 26 || 108
(27) 27 || 95
(28) 27 || 67
(29) 26 || 81
(30) 32 || 32
(31) 31 || 138
(32) 28 || 52
(33) 33 || 60
(34) 37 || 77
(35) 35 || 44
(36) 36 || 73
(37) 37 || 153
(38) 39 || 96
(39) 39 || 121
(40) 40 || 19
(41) 41 || 76
(42) 38 || 56
(43) 46 || 5
(44) 44 || 74
(45) 45 || 37
(46) 46 || 8
(47) 47 || 33
(49) 49 || 31
(50) 50 || 16
(54) 54 || 4
(55) 55 || 44
(56) 56 || 11
